0 0
0 0
0 0
0 0
0 0
0 0
0 0
0 0
0 1
0 1
0 1
0 1
0 1
0 1
0 1
0 1
0 2
0 2
0 2
0 2
0 2
0 2
0 2
0 2
0 3
0 3
0 3
0 3
0 3
0 3
0 3
0 3
0 4
0 4
0 4
0 4
0 4
0 4
0 4
0 4
1 4
1 4
1 4
1 4
1 4
1 4
1 4
1 4
1 5
1 5
1 5
1 5
1 5
1 5
1 5
1 5
1 6
1 6
1 6
1 6
1 6
1 6
1 6
1 6
1 7
1 7
1 7
1 7
1 7
1 7
1 7
1 7
1 8
1 8
1 8
1 8
1 8
1 8
1 8
1 8
2 8
2 8
2 8
2 8
2 8
2 8
2 8
2 8
3 8
3 8
3 8
3 8
3 8
3 8
3 8
3 8
4 8
4 8
4 8
4 8
4 8
4 8
4 8
4 8
4 9
4 9
4 9
4 9
4 9
4 9
4 9
4 9
4 10
4 10
4 10
4 10
4 10
4 10
4 10
4 10
4 11
4 11
4 11
4 11
4 11
4 11
4 11
4 11
5 11
5 11
5 11
5 11
5 11
5 11
5 11
5 11
6 11
6 11
6 11
6 11
6 11
6 11
6 11
6 11
7 11
7 11
7 11
7 11
7 11
7 11
7 11
7 11
7 12
7 12
7 12
7 12
7 12
7 12
7 12
7 12
7 13
7 13
7 13
7 13
7 13
7 13
7 13
7 13
8 13
8 13
8 13
8 13
8 13
8 13
8 13
8 13
9 13
9 13
9 13
9 13
9 13
9 13
9 13
9 13
9 14
9 14
9 14
9 14
9 14
9 14
9 14
9 14
9 15
9 15
9 15
9 15
9 15
9 15
9 15
9 15
9 16
9 16
9 16
9 16
9 16
9 16
9 16
9 16
9 17
9 17
9 17
9 17
9 17
9 17
9 17
9 17
10 17
10 17
10 17
10 17
10 17
10 17
10 17
10 17
10 18
10 18
10 18
10 18
10 18
10 18
10 18
10 18
10 19
10 19
10 19
10 19
10 19
10 19
10 19
10 19
10 20
10 20
10 20
10 20
10 20
10 20
10 20
10 20
10 21
10 21
10 21
10 21
10 21
10 21
10 21
10 21
11 21
11 21
11 21
11 21
11 21
11 21
11 21
11 21
12 21
12 21
12 21
12 21
12 21
12 21
12 21
12 21
12 22
12 22
12 22
12 22
12 22
12 22
12 22
12 22
13 22
13 22
13 22
13 22
13 22
13 22
13 22
13 22
13 23
13 23
13 23
13 23
13 23
13 23
13 23
13 23
14 23
14 23
14 23
14 23
14 23
14 23
14 23
14 23
15 23
15 23
15 23
15 23
15 23
15 23
15 23
15 23
15 24
15 24
15 24
15 24
15 24
15 24
15 24
15 24
15 25
15 25
15 25
15 25
15 25
15 25
15 25
15 25
16 25
16 25
16 25
16 25
16 25
16 25
16 25
16 25
17 25
17 25
17 25
17 25
17 25
17 25
17 25
17 25
18 25
18 25
18 25
18 25
18 25
18 25
18 25
18 25
18 26
18 26
18 26
18 26
18 26
18 26
18 26
18 26
19 26
19 26
19 26
19 26
19 26
19 26
19 26
19 26
19 27
19 27
19 27
19 27
19 27
19 27
19 27
19 27
19 28
19 28
19 28
19 28
19 28
19 28
19 28
19 28
19 29
19 29
19 29
19 29
19 29
19 29
19 29
19 29
19 30
19 30
19 30
19 30
19 30
19 30
19 30
19 30
19 31
19 31
19 31
19 31
19 31
19 31
19 31
19 31
19 32
19 32
19 32
19 32
19 32
19 32
19 32
19 32
19 33
19 33
19 33
19 33
19 33
19 33
19 33
19 33
19 34
19 34
19 34
19 34
19 34
19 34
19 34
19 34
19 35
19 35
19 35
19 35
19 35
19 35
19 35
19 35
19 36
19 36
19 36
19 36
19 36
19 36
19 36
19 36
20 36
20 36
20 36
20 36
20 36
20 36
20 36
20 36
21 36
21 36
21 36
21 36
21 36
21 36
21 36
21 36
21 37
21 37
21 37
21 37
21 37
21 37
21 37
21 37
21 38
21 38
21 38
21 38
21 38
21 38
21 38
21 38
21 39
21 39
21 39
21 39
21 39
21 39
21 39
21 39
22 39
22 39
22 39
22 39
22 39
22 39
22 39
22 39
22 40
22 40
22 40
22 40
22 40
22 40
22 40
22 40
22 41
22 41
22 41
22 41
22 41
22 41
22 41
22 41
23 41
23 41
23 41
23 41
23 41
23 41
23 41
23 41
24 41
24 41
24 41
24 41
24 41
24 41
24 41
24 41
25 41
25 41
25 41
25 41
25 41
25 41
25 41
25 41
26 41
26 41
26 41
26 41
26 41
26 41
26 41
26 41
27 41
27 41
27 41
27 41
27 41
27 41
27 41
27 41
27 42
27 42
27 42
27 42
27 42
27 42
27 42
27 42
27 43
27 43
27 43
27 43
27 43
27 43
27 43
27 43
28 43
28 43
28 43
28 43
28 43
28 43
28 43
28 43
28 44
28 44
28 44
28 44
28 44
28 44
28 44
28 44
28 45
28 45
28 45
28 45
28 45
28 45
28 45
28 45
28 46
28 46
28 46
28 46
28 46
28 46
28 46
28 46
29 46
29 46
29 46
29 46
29 46
29 46
29 46
29 46
29 47
29 47
29 47
29 47
29 47
29 47
29 47
29 47
29 48
29 48
29 48
29 48
29 48
29 48
29 48
29 48
29 49
29 49
29 49
29 49
29 49
29 49
29 49
29 49
30 49
30 49
30 49
30 49
30 49
30 49
30 49
30 49
30 50
30 50
30 50
30 50
30 50
30 50
30 50
30 50
30 51
30 51
30 51
30 51
30 51
30 51
30 51
30 51
30 52
30 52
30 52
30 52
30 52
30 52
30 52
30 52
30 53
30 53
30 53
30 53
30 53
30 53
30 53
30 53
31 53
31 53
31 53
31 53
31 53
31 53
31 53
31 53
31 54
31 54
31 54
31 54
31 54
31 54
31 54
31 54
31 55
31 55
31 55
31 55
31 55
31 55
31 55
31 55
31 56
31 56
31 56
31 56
31 56
31 56
31 56
31 56
32 56
32 56
32 56
32 56
32 56
32 56
32 56
32 56
32 57
32 57
32 57
32 57
32 57
32 57
32 57
32 57
32 58
32 58
32 58
32 58
32 58
32 58
32 58
32 58
33 58
33 58
33 58
33 58
33 58
33 58
33 58
33 58
33 59
33 59
33 59
33 59
33 59
33 59
33 59
33 59
34 59
34 59
34 59
34 59
34 59
34 59
34 59
34 59
35 59
35 59
35 59
35 59
35 59
35 59
35 59
35 59
35 60
35 60
35 60
35 60
35 60
35 60
35 60
35 60
35 61
35 61
35 61
35 61
35 61
35 61
35 61
35 61
35 62
35 62
35 62
35 62
35 62
35 62
35 62
35 62
35 63
35 63
35 63
35 63
35 63
35 63
35 63
35 63
35 64
35 64
35 64
35 64
35 64
35 64
35 64
35 64
35 65
35 65
35 65
35 65
35 65
35 65
35 65
35 65
35 66
35 66
35 66
35 66
35 66
35 66
35 66
35 66
36 66
36 66
36 66
36 66
36 66
36 66
36 66
36 66
36 67
36 67
36 67
36 67
36 67
36 67
36 67
36 67
36 68
36 68
36 68
36 68
36 68
36 68
36 68
36 68
36 69
36 69
36 69
36 69
36 69
36 69
36 69
36 69
37 69
37 69
37 69
37 69
37 69
37 69
37 69
37 69
38 69
38 69
38 69
38 69
38 69
38 69
38 69
38 69
39 69
39 69
39 69
39 69
39 69
39 69
39 69
39 69
40 69
40 69
40 69
40 69
40 69
40 69
40 69
40 69
40 70
40 70
40 70
40 70
40 70
40 70
40 70
40 70
41 70
41 70
41 70
41 70
41 70
41 70
41 70
41 70
42 70
42 70
42 70
42 70
42 70
42 70
42 70
42 70
43 70
43 70
43 70
43 70
43 70
43 70
43 70
43 70
43 71
43 71
43 71
43 71
43 71
43 71
43 71
43 71
43 72
43 72
43 72
43 72
43 72
43 72
43 72
43 72
44 72
44 72
44 72
44 72
44 72
44 72
44 72
44 72
45 72
45 72
45 72
45 72
45 72
45 72
45 72
45 72
45 73
45 73
45 73
45 73
45 73
45 73
45 73
45 73
46 73
46 73
46 73
46 73
46 73
46 73
46 73
46 73
47 73
47 73
47 73
47 73
47 73
47 73
47 73
47 73
48 73
48 73
48 73
48 73
48 73
48 73
48 73
48 73
48 74
48 74
48 74
48 74
48 74
48 74
48 74
48 74
49 74
49 74
49 74
49 74
49 74
49 74
49 74
49 74
50 74
50 74
50 74
50 74
50 74
50 74
50 74
50 74
51 74
51 74
51 74
51 74
51 74
51 74
51 74
51 74
52 74
52 74
52 74
52 74
52 74
52 74
52 74
52 74
53 74
53 74
53 74
53 74
53 74
53 74
53 74
53 74
53 75
53 75
53 75
53 75
53 75
53 75
53 75
53 75
53 76
53 76
53 76
53 76
53 76
53 76
53 76
53 76
53 77
53 77
53 77
53 77
53 77
53 77
53 77
53 77
54 77
54 77
54 77
54 77
54 77
54 77
54 77
54 77
55 77
55 77
55 77
55 77
55 77
55 77
55 77
55 77
56 77
56 77
56 77
56 77
56 77
56 77
56 77
56 77
57 77
57 77
57 77
57 77
57 77
57 77
57 77
57 77
58 77
58 77
58 77
58 77
58 77
58 77
58 77
58 77
59 77
59 77
59 77
59 77
59 77
59 77
59 77
59 77
60 77
60 77
60 77
60 77
60 77
60 77
60 77
60 77
61 77
61 77
61 77
61 77
61 77
61 77
61 77
61 77
62 77
62 77
62 77
62 77
62 77
62 77
62 77
62 77
63 77
63 77
63 77
63 77
63 77
63 77
63 77
63 77
64 77
64 77
64 77
64 77
64 77
64 77
64 77
64 77
65 77
65 77
65 77
65 77
65 77
65 77
65 77
65 77
66 77
66 77
66 77
66 77
66 77
66 77
66 77
66 77
66 78
66 78
66 78
66 78
66 78
66 78
66 78
66 78
66 79
66 79
66 79
66 79
66 79
66 79
66 79
66 79
66 80
66 80
66 80
66 80
66 80
66 80
66 80
66 80
66 81
66 81
66 81
66 81
66 81
66 81
66 81
66 81
66 82
66 82
66 82
66 82
66 82
66 82
66 82
66 82
67 82
67 82
67 82
67 82
67 82
67 82
67 82
67 82
67 83
67 83
67 83
67 83
67 83
67 83
67 83
67 83
68 83
68 83
68 83
68 83
68 83
68 83
68 83
68 83
69 83
69 83
69 83
69 83
69 83
69 83
69 83
69 83
69 84
69 84
69 84
69 84
69 84
69 84
69 84
69 84
70 84
70 84
70 84
70 84
70 84
70 84
70 84
70 84
71 84
71 84
71 84
71 84
71 84
71 84
71 84
71 84
72 84
72 84
72 84
72 84
72 84
72 84
72 84
72 84
73 84
73 84
73 84
73 84
73 84
73 84
73 84
73 84
74 84
74 84
74 84
74 84
74 84
74 84
74 84
74 84
75 84
75 84
75 84
75 84
75 84
75 84
75 84
75 84
75 85
75 85
75 85
75 85
75 85
75 85
75 85
75 85
76 85
76 85
76 85
76 85
76 85
76 85
76 85
76 85
77 85
77 85
77 85
77 85
77 85
77 85
77 85
77 85
78 85
78 85
78 85
78 85
78 85
78 85
78 85
78 85
79 85
79 85
79 85
79 85
79 85
79 85
79 85
79 85
80 85
80 85
80 85
80 85
80 85
80 85
80 85
80 85
81 85
81 85
81 85
81 85
81 85
81 85
81 85
81 85
82 85
82 85
82 85
82 85
82 85
82 85
82 85
82 85
83 85
83 85
83 85
83 85
83 85
83 85
83 85
83 85
84 85
84 85
84 85
84 85
84 85
84 85
84 85
84 85
85 85
85 85
85 85
85 85
85 85
85 85
85 85
85 85
86 85
86 85
86 85
86 85
86 85
86 85
86 85
86 85
87 85
87 85
87 85
87 85
87 85
87 85
87 85
87 85
87 86
87 86
87 86
87 86
87 86
87 86
87 86
87 86
87 87
87 87
87 87
87 87
87 87
87 87
87 87
87 87
87 88
87 88
87 88
87 88
87 88
87 88
87 88
87 88
88 88
88 88
88 88
88 88
88 88
88 88
88 88
88 88
88 89
88 89
88 89
88 89
88 89
88 89
88 89
88 89
89 89
89 89
89 89
89 89
89 89
89 89
89 89
89 89
90 89
90 89
90 89
90 89
90 89
90 89
90 89
90 89
91 89
91 89
91 89
91 89
91 89
91 89
91 89
91 89
92 89
92 89
92 89
92 89
92 89
92 89
92 89
92 89
93 89
93 89
93 89
93 89
93 89
93 89
93 89
93 89
93 90
93 90
93 90
93 90
93 90
93 90
93 90
93 90
94 90
94 90
94 90
94 90
94 90
94 90
94 90
94 90
95 90
95 90
95 90
95 90
95 90
95 90
95 90
95 90
96 90
96 90
96 90
96 90
96 90
96 90
96 90
96 90
96 91
96 91
96 91
96 91
96 91
96 91
96 91
96 91
97 91
97 91
97 91
97 91
97 91
97 91
97 91
97 91
98 91
98 91
98 91
98 91
98 91
98 91
98 91
98 91
98 92
98 92
98 92
98 92
98 92
98 92
98 92
98 92
99 92
99 92
99 92
99 92
99 92
99 92
99 92
99 92
100 92
100 92
100 92
100 92
100 92
100 92
100 92
100 92
101 92
101 92
101 92
101 92
101 92
101 92
101 92
101 92
102 92
102 92
102 92
102 92
102 92
102 92
102 92
102 92
103 92
103 92
103 92
103 92
103 92
103 92
103 92
103 92
103 93
103 93
103 93
103 93
103 93
103 93
103 93
103 93
104 93
104 93
104 93
104 93
104 93
104 93
104 93
104 93
105 93
105 93
105 93
105 93
105 93
105 93
105 93
105 93
106 93
106 93
106 93
106 93
106 93
106 93
106 93
106 93
107 93
107 93
107 93
107 93
107 93
107 93
107 93
107 93
108 93
108 93
108 93
108 93
108 93
108 93
108 93
108 93
109 93
109 93
109 93
109 93
109 93
109 93
109 93
109 93
110 93
110 93
110 93
110 93
110 93
110 93
110 93
110 93
110 94
110 94
110 94
110 94
110 94
110 94
110 94
110 94
111 94
111 94
111 94
111 94
111 94
111 94
111 94
111 94
112 94
112 94
112 94
112 94
112 94
112 94
112 94
112 94
113 94
113 94
113 94
113 94
113 94
113 94
113 94
113 94
114 94
114 94
114 94
114 94
114 94
114 94
114 94
114 94
114 95
114 95
114 95
114 95
114 95
114 95
114 95
114 95
115 95
115 95
115 95
115 95
115 95
115 95
115 95
115 95
116 95
116 95
116 95
116 95
116 95
116 95
116 95
116 95
117 95
117 95
117 95
117 95
117 95
117 95
117 95
117 95
118 95
118 95
118 95
118 95
118 95
118 95
118 95
118 95
119 95
119 95
119 95
119 95
119 95
119 95
119 95
119 95
120 95
120 95
120 95
120 95
120 95
120 95
120 95
120 95
121 95
121 95
121 95
121 95
121 95
121 95
121 95
121 95
122 95
122 95
122 95
122 95
122 95
122 95
122 95
122 95
123 95
123 95
123 95
123 95
123 95
123 95
123 95
123 95
124 95
124 95
124 95
124 95
124 95
124 95
124 95
124 95
125 95
125 95
125 95
125 95
125 95
125 95
125 95
125 95
126 95
126 95
126 95
126 95
126 95
126 95
126 95
126 95
127 95
127 95
127 95
127 95
127 95
127 95
127 95
127 95
128 95
128 95
128 95
128 95
128 95
128 95
128 95
128 95
129 95
129 95
129 95
129 95
129 95
129 95
129 95
129 95
130 95
130 95
130 95
130 95
130 95
130 95
130 95
130 95
130 96
130 96
130 96
130 96
130 96
130 96
130 96
130 96
130 97
130 97
130 97
130 97
130 97
130 97
130 97
130 97
131 97
131 97
131 97
131 97
131 97
131 97
131 97
131 97
132 97
132 97
132 97
132 97
132 97
132 97
132 97
132 97
133 97
133 97
133 97
133 97
133 97
133 97
133 97
133 97
134 97
134 97
134 97
134 97
134 97
134 97
134 97
134 97
135 97
135 97
135 97
135 97
135 97
135 97
135 97
135 97
135 98
135 98
135 98
135 98
135 98
135 98
135 98
135 98
135 99
135 99
135 99
135 99
135 99
135 99
135 99
135 99
136 99
136 99
136 99
136 99
136 99
136 99
136 99
136 99
137 99
137 99
137 99
137 99
137 99
137 99
137 99
137 99
138 99
138 99
138 99
138 99
138 99
138 99
138 99
138 99
139 99
139 99
139 99
139 99
139 99
139 99
139 99
139 99
139 100
139 100
139 100
139 100
139 100
139 100
139 100
139 100
140 100
140 100
140 100
140 100
140 100
140 100
140 100
140 100
141 100
141 100
141 100
141 100
141 100
141 100
141 100
141 100
142 100
142 100
142 100
142 100
142 100
142 100
142 100
142 100
142 101
142 101
142 101
142 101
142 101
142 101
142 101
142 101
143 101
143 101
143 101
143 101
143 101
143 101
143 101
143 101
144 101
144 101
144 101
144 101
144 101
144 101
144 101
144 101
145 101
145 101
145 101
145 101
145 101
145 101
145 101
145 101
146 101
146 101
146 101
146 101
146 101
146 101
146 101
146 101
147 101
147 101
147 101
147 101
147 101
147 101
147 101
147 101
148 101
148 101
148 101
148 101
148 101
148 101
148 101
148 101
148 102
148 102
148 102
148 102
148 102
148 102
148 102
148 102
148 103
148 103
148 103
148 103
148 103
148 103
148 103
148 103
149 103
149 103
149 103
149 103
149 103
149 103
149 103
149 103
150 103
150 103
150 103
150 103
150 103
150 103
150 103
150 103
151 103
151 103
151 103
151 103
151 103
151 103
151 103
151 103
152 103
152 103
152 103
152 103
152 103
152 103
152 103
152 103
153 103
153 103
153 103
153 103
153 103
153 103
153 103
153 103
154 103
154 103
154 103
154 103
154 103
154 103
154 103
154 103
154 104
154 104
154 104
154 104
154 104
154 104
154 104
154 104
154 105
154 105
154 105
154 105
154 105
154 105
154 105
154 105
155 105
155 105
155 105
155 105
155 105
155 105
155 105
155 105
156 105
156 105
156 105
156 105
156 105
156 105
156 105
156 105
157 105
157 105
157 105
157 105
157 105
157 105
157 105
157 105
158 105
158 105
158 105
158 105
158 105
158 105
158 105
158 105
159 105
159 105
159 105
159 105
159 105
159 105
159 105
159 105
160 105
160 105
160 105
160 105
160 105
160 105
160 105
160 105
161 105
161 105
161 105
161 105
161 105
161 105
161 105
161 105
162 105
162 105
162 105
162 105
162 105
162 105
162 105
162 105
163 105
163 105
163 105
163 105
163 105
163 105
163 105
163 105
164 105
164 105
164 105
164 105
164 105
164 105
164 105
164 105
165 105
165 105
165 105
165 105
165 105
165 105
165 105
165 105
166 105
166 105
166 105
166 105
166 105
166 105
166 105
166 105
167 105
167 105
167 105
167 105
167 105
167 105
167 105
167 105
168 105
168 105
168 105
168 105
168 105
168 105
168 105
168 105
168 106
168 106
168 106
168 106
168 106
168 106
168 106
168 106
169 106
169 106
169 106
169 106
169 106
169 106
169 106
169 106
170 106
170 106
170 106
170 106
170 106
170 106
170 106
170 106
171 106
171 106
171 106
171 106
171 106
171 106
171 106
171 106
172 106
172 106
172 106
172 106
172 106
172 106
172 106
172 106
173 106
173 106
173 106
173 106
173 106
173 106
173 106
173 106
174 106
174 106
174 106
174 106
174 106
174 106
174 106
174 106
175 106
175 106
175 106
175 106
175 106
175 106
175 106
175 106
176 106
176 106
176 106
176 106
176 106
176 106
176 106
176 106
176 107
176 107
176 107
176 107
176 107
176 107
176 107
176 107
177 107
177 107
177 107
177 107
177 107
177 107
177 107
177 107
178 107
178 107
178 107
178 107
178 107
178 107
178 107
178 107
179 107
179 107
179 107
179 107
179 107
179 107
179 107
179 107
180 107
180 107
180 107
180 107
180 107
180 107
180 107
180 107
181 107
181 107
181 107
181 107
181 107
181 107
181 107
181 107
181 108
181 108
181 108
181 108
181 108
181 108
181 108
181 108
182 108
182 108
182 108
182 108
182 108
182 108
182 108
182 108
182 109
182 109
182 109
182 109
182 109
182 109
182 109
182 109
183 109
183 109
183 109
183 109
183 109
183 109
183 109
183 109
184 109
184 109
184 109
184 109
184 109
184 109
184 109
184 109
184 110
184 110
184 110
184 110
184 110
184 110
184 110
184 110
185 110
185 110
185 110
185 110
185 110
185 110
185 110
185 110
186 110
186 110
186 110
186 110
186 110
186 110
186 110
186 110
187 110
187 110
187 110
187 110
187 110
187 110
187 110
187 110
188 110
188 110
188 110
188 110
188 110
188 110
188 110
188 110
189 110
189 110
189 110
189 110
189 110
189 110
189 110
189 110
190 110
190 110
190 110
190 110
190 110
190 110
190 110
190 110
191 110
191 110
191 110
191 110
191 110
191 110
191 110
191 110
192 110
192 110
192 110
192 110
192 110
192 110
192 110
192 110
193 110
193 110
193 110
193 110
193 110
193 110
193 110
193 110
194 110
194 110
194 110
194 110
194 110
194 110
194 110
194 110
195 110
195 110
195 110
195 110
195 110
195 110
195 110
195 110
196 110
196 110
196 110
196 110
196 110
196 110
196 110
196 110
197 110
197 110
197 110
197 110
197 110
197 110
197 110
197 110
198 110
198 110
198 110
198 110
198 110
198 110
198 110
198 110
199 110
199 110
199 110
199 110
199 110
199 110
199 110
199 110
200 110
200 110
200 110
200 110
200 110
200 110
200 110
200 110
201 110
201 110
201 110
201 110
201 110
201 110
201 110
201 110
202 110
202 110
202 110
202 110
202 110
202 110
202 110
202 110
203 110
203 110
203 110
203 110
203 110
203 110
203 110
203 110
204 110
204 110
204 110
204 110
204 110
204 110
204 110
204 110
205 110
205 110
205 110
205 110
205 110
205 110
205 110
205 110
205 111
205 111
205 111
205 111
205 111
205 111
205 111
205 111
205 112
205 112
205 112
205 112
205 112
205 112
205 112
205 112
206 112
206 112
206 112
206 112
206 112
206 112
206 112
206 112
207 112
207 112
207 112
207 112
207 112
207 112
207 112
207 112
208 112
208 112
208 112
208 112
208 112
208 112
208 112
208 112
209 112
209 112
209 112
209 112
209 112
209 112
209 112
209 112
209 113
209 113
209 113
209 113
209 113
209 113
209 113
209 113
210 113
210 113
210 113
210 113
210 113
210 113
210 113
210 113
211 113
211 113
211 113
211 113
211 113
211 113
211 113
211 113
212 113
212 113
212 113
212 113
212 113
212 113
212 113
212 113
213 113
213 113
213 113
213 113
213 113
213 113
213 113
213 113
213 114
213 114
213 114
213 114
213 114
213 114
213 114
213 114
214 114
214 114
214 114
214 114
214 114
214 114
214 114
214 114
214 115
214 115
214 115
214 115
214 115
214 115
214 115
214 115
215 115
215 115
215 115
215 115
215 115
215 115
215 115
215 115
216 115
216 115
216 115
216 115
216 115
216 115
216 115
216 115
217 115
217 115
217 115
217 115
217 115
217 115
217 115
217 115
218 115
218 115
218 115
218 115
218 115
218 115
218 115
218 115
219 115
219 115
219 115
219 115
219 115
219 115
219 115
219 115
220 115
220 115
220 115
220 115
220 115
220 115
220 115
220 115
220 116
220 116
220 116
220 116
220 116
220 116
220 116
220 116
221 116
221 116
221 116
221 116
221 116
221 116
221 116
221 116
222 116
222 116
222 116
222 116
222 116
222 116
222 116
222 116
222 117
222 117
222 117
222 117
222 117
222 117
222 117
222 117
223 117
223 117
223 117
223 117
223 117
223 117
223 117
223 117
224 117
224 117
224 117
224 117
224 117
224 117
224 117
224 117
225 117
225 117
225 117
225 117
225 117
225 117
225 117
225 117
226 117
226 117
226 117
226 117
226 117
226 117
226 117
226 117
227 117
227 117
227 117
227 117
227 117
227 117
227 117
227 117
227 118
227 118
227 118
227 118
227 118
227 118
227 118
227 118
228 118
228 118
228 118
228 118
228 118
228 118
228 118
228 118
229 118
229 118
229 118
229 118
229 118
229 118
229 118
229 118
230 118
230 118
230 118
230 118
230 118
230 118
230 118
230 118
231 118
231 118
231 118
231 118
231 118
231 118
231 118
231 118
232 118
232 118
232 118
232 118
232 118
232 118
232 118
232 118
233 118
233 118
233 118
233 118
233 118
233 118
233 118
233 118
234 118
234 118
234 118
234 118
234 118
234 118
234 118
234 118
235 118
235 118
235 118
235 118
235 118
235 118
235 118
235 118
236 118
236 118
236 118
236 118
236 118
236 118
236 118
236 118
237 118
237 118
237 118
237 118
237 118
237 118
237 118
237 118
237 119
237 119
237 119
237 119
237 119
237 119
237 119
237 119
238 119
238 119
238 119
238 119
238 119
238 119
238 119
238 119
239 119
239 119
239 119
239 119
239 119
239 119
239 119
239 119
240 119
240 119
240 119
240 119
240 119
240 119
240 119
240 119
241 119
241 119
241 119
241 119
241 119
241 119
241 119
241 119
242 119
242 119
242 119
242 119
242 119
242 119
242 119
242 119
243 119
243 119
243 119
243 119
243 119
243 119
243 119
243 119
244 119
244 119
244 119
244 119
244 119
244 119
244 119
244 119
245 119
245 119
245 119
245 119
245 119
245 119
245 119
245 119
246 119
246 119
246 119
246 119
246 119
246 119
246 119
246 119
247 119
247 119
247 119
247 119
247 119
247 119
247 119
247 119
248 119
248 119
248 119
248 119
248 119
248 119
248 119
248 119
249 119
249 119
249 119
249 119
249 119
249 119
249 119
249 119
250 119
250 119
250 119
250 119
250 119
250 119
250 119
250 119
251 119
251 119
251 119
251 119
251 119
251 119
251 119
251 119
252 119
252 119
252 119
252 119
252 119
252 119
252 119
252 119
253 119
253 119
253 119
253 119
253 119
253 119
253 119
253 119
254 119
254 119
254 119
254 119
254 119
254 119
254 119
254 119
255 119
255 119
255 119
255 119
255 119
255 119
255 119
255 119
256 119
256 119
256 119
256 119
256 119
256 119
256 119
256 119
257 119
257 119
257 119
257 119
257 119
257 119
257 119
257 119
258 119
258 119
258 119
258 119
258 119
258 119
258 119
258 119
259 119
259 119
259 119
259 119
259 119
259 119
259 119
259 119
260 119
260 119
260 119
260 119
260 119
260 119
260 119
260 119
261 119
261 119
261 119
261 119
261 119
261 119
261 119
261 119
262 119
262 119
262 119
262 119
262 119
262 119
262 119
262 119
263 119
263 119
263 119
263 119
263 119
263 119
263 119
263 119
264 119
264 119
264 119
264 119
264 119
264 119
264 119
264 119
265 119
265 119
265 119
265 119
265 119
265 119
265 119
265 119
266 119
266 119
266 119
266 119
266 119
266 119
266 119
266 119
267 119
267 119
267 119
267 119
267 119
267 119
267 119
267 119
268 119
268 119
268 119
268 119
268 119
268 119
268 119
268 119
269 119
269 119
269 119
269 119
269 119
269 119
269 119
269 119
270 119
270 119
270 119
270 119
270 119
270 119
270 119
270 119
271 119
271 119
271 119
271 119
271 119
271 119
271 119
271 119
272 119
272 119
272 119
272 119
272 119
272 119
272 119
272 119
273 119
273 119
273 119
273 119
273 119
273 119
273 119
273 119
274 119
274 119
274 119
274 119
274 119
274 119
274 119
274 119
275 119
275 119
275 119
275 119
275 119
275 119
275 119
275 119
276 119
276 119
276 119
276 119
276 119
276 119
276 119
276 119
276 120
276 120
276 120
276 120
276 120
276 120
276 120
276 120
277 120
277 120
277 120
277 120
277 120
277 120
277 120
277 120
278 120
278 120
278 120
278 120
278 120
278 120
278 120
278 120
279 120
279 120
279 120
279 120
279 120
279 120
279 120
279 120
280 120
280 120
280 120
280 120
280 120
280 120
280 120
280 120
281 120
281 120
281 120
281 120
281 120
281 120
281 120
281 120
282 120
282 120
282 120
282 120
282 120
282 120
282 120
282 120
283 120
283 120
283 120
283 120
283 120
283 120
283 120
283 120
283 121
283 121
283 121
283 121
283 121
283 121
283 121
283 121
284 121
284 121
284 121
284 121
284 121
284 121
284 121
284 121
285 121
285 121
285 121
285 121
285 121
285 121
285 121
285 121
286 121
286 121
286 121
286 121
286 121
286 121
286 121
286 121
287 121
287 121
287 121
287 121
287 121
287 121
287 121
287 121
288 121
288 121
288 121
288 121
288 121
288 121
288 121
288 121
289 121
289 121
289 121
289 121
289 121
289 121
289 121
289 121
290 121
290 121
290 121
290 121
290 121
290 121
290 121
290 121
291 121
291 121
291 121
291 121
291 121
291 121
291 121
291 121
291 122
291 122
291 122
291 122
291 122
291 122
291 122
291 122
292 122
292 122
292 122
292 122
292 122
292 122
292 122
292 122
293 122
293 122
293 122
293 122
293 122
293 122
293 122
293 122
294 122
294 122
294 122
294 122
294 122
294 122
294 122
294 122
295 122
295 122
295 122
295 122
295 122
295 122
295 122
295 122
296 122
296 122
296 122
296 122
296 122
296 122
296 122
296 122
297 122
297 122
297 122
297 122
297 122
297 122
297 122
297 122
298 122
298 122
298 122
298 122
298 122
298 122
298 122
298 122
299 122
299 122
299 122
299 122
299 122
299 122
299 122
299 122
300 122
300 122
300 122
300 122
300 122
300 122
300 122
300 122
301 122
301 122
301 122
301 122
301 122
301 122
301 122
301 122
302 122
302 122
302 122
302 122
302 122
302 122
302 122
302 122
303 122
303 122
303 122
303 122
303 122
303 122
303 122
303 122
304 122
304 122
304 122
304 122
304 122
304 122
304 122
304 122
305 122
305 122
305 122
305 122
305 122
305 122
305 122
305 122
306 122
306 122
306 122
306 122
306 122
306 122
306 122
306 122
307 122
307 122
307 122
307 122
307 122
307 122
307 122
307 122
308 122
308 122
308 122
308 122
308 122
308 122
308 122
308 122
309 122
309 122
309 122
309 122
309 122
309 122
309 122
309 122
310 122
310 122
310 122
310 122
310 122
310 122
310 122
310 122
311 122
311 122
311 122
311 122
311 122
311 122
311 122
311 122
312 122
312 122
312 122
312 122
312 122
312 122
312 122
312 122
313 122
313 122
313 122
313 122
313 122
313 122
313 122
313 122
314 122
314 122
314 122
314 122
314 122
314 122
314 122
314 122
315 122
315 122
315 122
315 122
315 122
315 122
315 122
315 122
316 122
316 122
316 122
316 122
316 122
316 122
316 122
316 122
317 122
317 122
317 122
317 122
317 122
317 122
317 122
317 122
318 122
318 122
318 122
318 122
318 122
318 122
318 122
318 122
319 122
319 122
319 122
319 122
319 122
319 122
319 122
319 122
320 122
320 122
320 122
320 122
320 122
320 122
320 122
320 122
321 122
321 122
321 122
321 122
321 122
321 122
321 122
321 122
322 122
322 122
322 122
322 122
322 122
322 122
322 122
322 122
323 122
323 122
323 122
323 122
323 122
323 122
323 122
323 122
324 122
324 122
324 122
324 122
324 122
324 122
324 122
324 122
325 122
325 122
325 122
325 122
325 122
325 122
325 122
325 122
326 122
326 122
326 122
326 122
326 122
326 122
326 122
326 122
327 122
327 122
327 122
327 122
327 122
327 122
327 122
327 122
328 122
328 122
328 122
328 122
328 122
328 122
328 122
328 122
329 122
329 122
329 122
329 122
329 122
329 122
329 122
329 122
329 123
329 123
329 123
329 123
329 123
329 123
329 123
329 123
330 123
330 123
330 123
330 123
330 123
330 123
330 123
330 123
331 123
331 123
331 123
331 123
331 123
331 123
331 123
331 123
332 123
332 123
332 123
332 123
332 123
332 123
332 123
332 123
332 124
332 124
332 124
332 124
332 124
332 124
332 124
332 124
333 124
333 124
333 124
333 124
333 124
333 124
333 124
333 124
334 124
334 124
334 124
334 124
334 124
334 124
334 124
334 124
335 124
335 124
335 124
335 124
335 124
335 124
335 124
335 124
336 124
336 124
336 124
336 124
336 124
336 124
336 124
336 124
336 125
336 125
336 125
336 125
336 125
336 125
336 125
336 125
337 125
337 125
337 125
337 125
337 125
337 125
337 125
337 125
338 125
338 125
338 125
338 125
338 125
338 125
338 125
338 125
339 125
339 125
339 125
339 125
339 125
339 125
339 125
339 125
340 125
340 125
340 125
340 125
340 125
340 125
340 125
340 125
341 125
341 125
341 125
341 125
341 125
341 125
341 125
341 125
342 125
342 125
342 125
342 125
342 125
342 125
342 125
342 125
343 125
343 125
343 125
343 125
343 125
343 125
343 125
343 125
344 125
344 125
344 125
344 125
344 125
344 125
344 125
344 125
345 125
345 125
345 125
345 125
345 125
345 125
345 125
345 125
346 125
346 125
346 125
346 125
346 125
346 125
346 125
346 125
347 125
347 125
347 125
347 125
347 125
347 125
347 125
347 125
348 125
348 125
348 125
348 125
348 125
348 125
348 125
348 125
349 125
349 125
349 125
349 125
349 125
349 125
349 125
349 125
350 125
350 125
350 125
350 125
350 125
350 125
350 125
350 125
351 125
351 125
351 125
351 125
351 125
351 125
351 125
351 125
352 125
352 125
352 125
352 125
352 125
352 125
352 125
352 125
353 125
353 125
353 125
353 125
353 125
353 125
353 125
353 125
354 125
354 125
354 125
354 125
354 125
354 125
354 125
354 125
355 125
355 125
355 125
355 125
355 125
355 125
355 125
355 125
356 125
356 125
356 125
356 125
356 125
356 125
356 125
356 125
357 125
357 125
357 125
357 125
357 125
357 125
357 125
357 125
358 125
358 125
358 125
358 125
358 125
358 125
358 125
358 125
359 125
359 125
359 125
359 125
359 125
359 125
359 125
359 125
360 125
360 125
360 125
360 125
360 125
360 125
360 125
360 125
361 125
361 125
361 125
361 125
361 125
361 125
361 125
361 125
362 125
362 125
362 125
362 125
362 125
362 125
362 125
362 125
363 125
363 125
363 125
363 125
363 125
363 125
363 125
363 125
364 125
364 125
364 125
364 125
364 125
364 125
364 125
364 125
365 125
365 125
365 125
365 125
365 125
365 125
365 125
365 125
366 125
366 125
366 125
366 125
366 125
366 125
366 125
366 125
367 125
367 125
367 125
367 125
367 125
367 125
367 125
367 125
368 125
368 125
368 125
368 125
368 125
368 125
368 125
368 125
369 125
369 125
369 125
369 125
369 125
369 125
369 125
369 125
370 125
370 125
370 125
370 125
370 125
370 125
370 125
370 125
371 125
371 125
371 125
371 125
371 125
371 125
371 125
371 125
372 125
372 125
372 125
372 125
372 125
372 125
372 125
372 125
373 125
373 125
373 125
373 125
373 125
373 125
373 125
373 125
374 125
374 125
374 125
374 125
374 125
374 125
374 125
374 125
375 125
375 125
375 125
375 125
375 125
375 125
375 125
375 125
375 126
375 126
375 126
375 126
375 126
375 126
375 126
375 126
376 126
376 126
376 126
376 126
376 126
376 126
376 126
376 126
377 126
377 126
377 126
377 126
377 126
377 126
377 126
377 126
378 126
378 126
378 126
378 126
378 126
378 126
378 126
378 126
379 126
379 126
379 126
379 126
379 126
379 126
379 126
379 126
380 126
380 126
380 126
380 126
380 126
380 126
380 126
380 126
381 126
381 126
381 126
381 126
381 126
381 126
381 126
381 126
382 126
382 126
382 126
382 126
382 126
382 126
382 126
382 126
383 126
383 126
383 126
383 126
383 126
383 126
383 126
383 126
384 126
384 126
384 126
384 126
384 126
384 126
384 126
384 126
385 126
385 126
385 126
385 126
385 126
385 126
385 126
385 126
386 126
386 126
386 126
386 126
386 126
386 126
386 126
386 126
387 126
387 126
387 126
387 126
387 126
387 126
387 126
387 126
388 126
388 126
388 126
388 126
388 126
388 126
388 126
388 126
389 126
389 126
389 126
389 126
389 126
389 126
389 126
389 126
389 127
389 127
389 127
389 127
389 127
389 127
389 127
389 127
390 127
390 127
390 127
390 127
390 127
390 127
390 127
390 127
391 127
391 127
391 127
391 127
391 127
391 127
391 127
391 127
392 127
392 127
392 127
392 127
392 127
392 127
392 127
392 127
393 127
393 127
393 127
393 127
393 127
393 127
393 127
393 127
394 127
394 127
394 127
394 127
394 127
394 127
394 127
394 127
395 127
395 127
395 127
395 127
395 127
395 127
395 127
395 127
395 128
395 128
395 128
395 128
395 128
395 128
395 128
395 128
396 128
396 128
396 128
396 128
396 128
396 128
396 128
396 128
397 128
397 128
397 128
397 128
397 128
397 128
397 128
397 128
398 128
398 128
398 128
398 128
398 128
398 128
398 128
398 128
399 128
399 128
399 128
399 128
399 128
399 128
399 128
399 128
400 128
400 128
400 128
400 128
400 128
400 128
400 128
400 128
401 128
401 128
401 128
401 128
401 128
401 128
401 128
401 128
402 128
402 128
402 128
402 128
402 128
402 128
402 128
402 128
403 128
403 128
403 128
403 128
403 128
403 128
403 128
403 128
404 128
404 128
404 128
404 128
404 128
404 128
404 128
404 128
405 128
405 128
405 128
405 128
405 128
405 128
405 128
405 128
406 128
406 128
406 128
406 128
406 128
406 128
406 128
406 128
407 128
407 128
407 128
407 128
407 128
407 128
407 128
407 128
408 128
408 128
408 128
408 128
408 128
408 128
408 128
408 128
409 128
409 128
409 128
409 128
409 128
409 128
409 128
409 128
410 128
410 128
410 128
410 128
410 128
410 128
410 128
410 128
411 128
411 128
411 128
411 128
411 128
411 128
411 128
411 128
412 128
412 128
412 128
412 128
412 128
412 128
412 128
412 128
413 128
413 128
413 128
413 128
413 128
413 128
413 128
413 128
414 128
414 128
414 128
414 128
414 128
414 128
414 128
414 128
414 129
414 129
414 129
414 129
414 129
414 129
414 129
414 129
415 129
415 129
415 129
415 129
415 129
415 129
415 129
415 129
416 129
416 129
416 129
416 129
416 129
416 129
416 129
416 129
417 129
417 129
417 129
417 129
417 129
417 129
417 129
417 129
418 129
418 129
418 129
418 129
418 129
418 129
418 129
418 129
418 130
418 130
418 130
418 130
418 130
418 130
418 130
418 130
418 131
418 131
418 131
418 131
418 131
418 131
418 131
418 131
419 131
419 131
419 131
419 131
419 131
419 131
419 131
419 131
420 131
420 131
420 131
420 131
420 131
420 131
420 131
420 131
421 131
421 131
421 131
421 131
421 131
421 131
421 131
421 131
422 131
422 131
422 131
422 131
422 131
422 131
422 131
422 131
423 131
423 131
423 131
423 131
423 131
423 131
423 131
423 131
424 131
424 131
424 131
424 131
424 131
424 131
424 131
424 131
425 131
425 131
425 131
425 131
425 131
425 131
425 131
425 131
426 131
426 131
426 131
426 131
426 131
426 131
426 131
426 131
427 131
427 131
427 131
427 131
427 131
427 131
427 131
427 131
428 131
428 131
428 131
428 131
428 131
428 131
428 131
428 131
429 131
429 131
429 131
429 131
429 131
429 131
429 131
429 131
429 132
429 132
429 132
429 132
429 132
429 132
429 132
429 132
430 132
430 132
430 132
430 132
430 132
430 132
430 132
430 132
431 132
431 132
431 132
431 132
431 132
431 132
431 132
431 132
432 132
432 132
432 132
432 132
432 132
432 132
432 132
432 132
433 132
433 132
433 132
433 132
433 132
433 132
433 132
433 132
434 132
434 132
434 132
434 132
434 132
434 132
434 132
434 132
435 132
435 132
435 132
435 132
435 132
435 132
435 132
435 132
436 132
436 132
436 132
436 132
436 132
436 132
436 132
436 132
437 132
437 132
437 132
437 132
437 132
437 132
437 132
437 132
438 132
438 132
438 132
438 132
438 132
438 132
438 132
438 132
439 132
439 132
439 132
439 132
439 132
439 132
439 132
439 132
440 132
440 132
440 132
440 132
440 132
440 132
440 132
440 132
441 132
441 132
441 132
441 132
441 132
441 132
441 132
441 132
442 132
442 132
442 132
442 132
442 132
442 132
442 132
442 132
442 133
442 133
442 133
442 133
442 133
442 133
442 133
442 133
443 133
443 133
443 133
443 133
443 133
443 133
443 133
443 133
444 133
444 133
444 133
444 133
444 133
444 133
444 133
444 133
445 133
445 133
445 133
445 133
445 133
445 133
445 133
445 133
446 133
446 133
446 133
446 133
446 133
446 133
446 133
446 133
447 133
447 133
447 133
447 133
447 133
447 133
447 133
447 133
448 133
448 133
448 133
448 133
448 133
448 133
448 133
448 133
449 133
449 133
449 133
449 133
449 133
449 133
449 133
449 133
450 133
450 133
450 133
450 133
450 133
450 133
450 133
450 133
451 133
451 133
451 133
451 133
451 133
451 133
451 133
451 133
452 133
452 133
452 133
452 133
452 133
452 133
452 133
452 133
453 133
453 133
453 133
453 133
453 133
453 133
453 133
453 133
454 133
454 133
454 133
454 133
454 133
454 133
454 133
454 133
455 133
455 133
455 133
455 133
455 133
455 133
455 133
455 133
456 133
456 133
456 133
456 133
456 133
456 133
456 133
456 133
457 133
457 133
457 133
457 133
457 133
457 133
457 133
457 133
458 133
458 133
458 133
458 133
458 133
458 133
458 133
458 133
459 133
459 133
459 133
459 133
459 133
459 133
459 133
459 133
460 133
460 133
460 133
460 133
460 133
460 133
460 133
460 133
461 133
461 133
461 133
461 133
461 133
461 133
461 133
461 133
462 133
462 133
462 133
462 133
462 133
462 133
462 133
462 133
463 133
463 133
463 133
463 133
463 133
463 133
463 133
463 133
464 133
464 133
464 133
464 133
464 133
464 133
464 133
464 133
465 133
465 133
465 133
465 133
465 133
465 133
465 133
465 133
466 133
466 133
466 133
466 133
466 133
466 133
466 133
466 133
467 133
467 133
467 133
467 133
467 133
467 133
467 133
467 133
468 133
468 133
468 133
468 133
468 133
468 133
468 133
468 133
468 134
468 134
468 134
468 134
468 134
468 134
468 134
468 134
469 134
469 134
469 134
469 134
469 134
469 134
469 134
469 134
470 134
470 134
470 134
470 134
470 134
470 134
470 134
470 134
471 134
471 134
471 134
471 134
471 134
471 134
471 134
471 134
472 134
472 134
472 134
472 134
472 134
472 134
472 134
472 134
473 134
473 134
473 134
473 134
473 134
473 134
473 134
473 134
474 134
474 134
474 134
474 134
474 134
474 134
474 134
474 134
475 134
475 134
475 134
475 134
475 134
475 134
475 134
475 134
475 135
475 135
475 135
475 135
475 135
475 135
475 135
475 135
476 135
476 135
476 135
476 135
476 135
476 135
476 135
476 135
477 135
477 135
477 135
477 135
477 135
477 135
477 135
477 135
478 135
478 135
478 135
478 135
478 135
478 135
478 135
478 135
479 135
479 135
479 135
479 135
479 135
479 135
479 135
479 135
480 135
480 135
480 135
480 135
480 135
480 135
480 135
480 135
481 135
481 135
481 135
481 135
481 135
481 135
481 135
481 135
482 135
482 135
482 135
482 135
482 135
482 135
482 135
482 135
483 135
483 135
483 135
483 135
483 135
483 135
483 135
483 135
484 135
484 135
484 135
484 135
484 135
484 135
484 135
484 135
484 136
484 136
484 136
484 136
484 136
484 136
484 136
484 136
485 136
485 136
485 136
485 136
485 136
485 136
485 136
485 136
486 136
486 136
486 136
486 136
486 136
486 136
486 136
486 136
487 136
487 136
487 136
487 136
487 136
487 136
487 136
487 136
488 136
488 136
488 136
488 136
488 136
488 136
488 136
488 136
489 136
489 136
489 136
489 136
489 136
489 136
489 136
489 136
490 136
490 136
490 136
490 136
490 136
490 136
490 136
490 136
491 136
491 136
491 136
491 136
491 136
491 136
491 136
491 136
492 136
492 136
492 136
492 136
492 136
492 136
492 136
492 136
493 136
493 136
493 136
493 136
493 136
493 136
493 136
493 136
493 137
493 137
493 137
493 137
493 137
493 137
493 137
493 137
494 137
494 137
494 137
494 137
494 137
494 137
494 137
494 137
495 137
495 137
495 137
495 137
495 137
495 137
495 137
495 137
496 137
496 137
496 137
496 137
496 137
496 137
496 137
496 137
497 137
497 137
497 137
497 137
497 137
497 137
497 137
497 137
498 137
498 137
498 137
498 137
498 137
498 137
498 137
498 137
499 137
499 137
499 137
499 137
499 137
499 137
499 137
499 137
500 137
500 137
500 137
500 137
500 137
500 137
500 137
500 137
501 137
501 137
501 137
501 137
501 137
501 137
501 137
501 137
501 138
501 138
501 138
501 138
501 138
501 138
501 138
501 138
502 138
502 138
502 138
502 138
502 138
502 138
502 138
502 138
503 138
503 138
503 138
503 138
503 138
503 138
503 138
503 138
504 138
504 138
504 138
504 138
504 138
504 138
504 138
504 138
505 138
505 138
505 138
505 138
505 138
505 138
505 138
505 138
506 138
506 138
506 138
506 138
506 138
506 138
506 138
506 138
507 138
507 138
507 138
507 138
507 138
507 138
507 138
507 138
508 138
508 138
508 138
508 138
508 138
508 138
508 138
508 138
509 138
509 138
509 138
509 138
509 138
509 138
509 138
509 138
510 138
510 138
510 138
510 138
510 138
510 138
510 138
510 138
510 139
510 139
510 139
510 139
510 139
510 139
510 139
510 139
510 140
510 140
510 140
510 140
510 140
510 140
510 140
510 140
511 140
511 140
511 140
511 140
511 140
511 140
511 140
511 140
512 140
512 140
512 140
512 140
512 140
512 140
512 140
512 140
513 140
513 140
513 140
513 140
513 140
513 140
513 140
513 140
514 140
514 140
514 140
514 140
514 140
514 140
514 140
514 140
515 140
515 140
515 140
515 140
515 140
515 140
515 140
515 140
516 140
516 140
516 140
516 140
516 140
516 140
516 140
516 140
517 140
517 140
517 140
517 140
517 140
517 140
517 140
517 140
518 140
518 140
518 140
518 140
518 140
518 140
518 140
518 140
519 140
519 140
519 140
519 140
519 140
519 140
519 140
519 140
520 140
520 140
520 140
520 140
520 140
520 140
520 140
520 140
521 140
521 140
521 140
521 140
521 140
521 140
521 140
521 140
522 140
522 140
522 140
522 140
522 140
522 140
522 140
522 140
523 140
523 140
523 140
523 140
523 140
523 140
523 140
523 140
524 140
524 140
524 140
524 140
524 140
524 140
524 140
524 140
525 140
525 140
525 140
525 140
525 140
525 140
525 140
525 140
526 140
526 140
526 140
526 140
526 140
526 140
526 140
526 140
527 140
527 140
527 140
527 140
527 140
527 140
527 140
527 140
527 141
527 141
527 141
527 141
527 141
527 141
527 141
527 141
528 141
528 141
528 141
528 141
528 141
528 141
528 141
528 141
529 141
529 141
529 141
529 141
529 141
529 141
529 141
529 141
530 141
530 141
530 141
530 141
530 141
530 141
530 141
530 141
531 141
531 141
531 141
531 141
531 141
531 141
531 141
531 141
532 141
532 141
532 141
532 141
532 141
532 141
532 141
532 141
533 141
533 141
533 141
533 141
533 141
533 141
533 141
533 141
534 141
534 141
534 141
534 141
534 141
534 141
534 141
534 141
535 141
535 141
535 141
535 141
535 141
535 141
535 141
535 141
536 141
536 141
536 141
536 141
536 141
536 141
536 141
536 141
537 141
537 141
537 141
537 141
537 141
537 141
537 141
537 141
538 141
538 141
538 141
538 141
538 141
538 141
538 141
538 141
539 141
539 141
539 141
539 141
539 141
539 141
539 141
539 141
540 141
540 141
540 141
540 141
540 141
540 141
540 141
540 141
541 141
541 141
541 141
541 141
541 141
541 141
541 141
541 141
542 141
542 141
542 141
542 141
542 141
542 141
542 141
542 141
543 141
543 141
543 141
543 141
543 141
543 141
543 141
543 141
543 142
543 142
543 142
543 142
543 142
543 142
543 142
543 142
544 142
544 142
544 142
544 142
544 142
544 142
544 142
544 142
545 142
545 142
545 142
545 142
545 142
545 142
545 142
545 142
546 142
546 142
546 142
546 142
546 142
546 142
546 142
546 142
547 142
547 142
547 142
547 142
547 142
547 142
547 142
547 142
548 142
548 142
548 142
548 142
548 142
548 142
548 142
548 142
549 142
549 142
549 142
549 142
549 142
549 142
549 142
549 142
550 142
550 142
550 142
550 142
550 142
550 142
550 142
550 142
551 142
551 142
551 142
551 142
551 142
551 142
551 142
551 142
552 142
552 142
552 142
552 142
552 142
552 142
552 142
552 142
553 142
553 142
553 142
553 142
553 142
553 142
553 142
553 142
554 142
554 142
554 142
554 142
554 142
554 142
554 142
554 142
555 142
555 142
555 142
555 142
555 142
555 142
555 142
555 142
556 142
556 142
556 142
556 142
556 142
556 142
556 142
556 142
557 142
557 142
557 142
557 142
557 142
557 142
557 142
557 142
558 142
558 142
558 142
558 142
558 142
558 142
558 142
558 142
559 142
559 142
559 142
559 142
559 142
559 142
559 142
559 142
560 142
560 142
560 142
560 142
560 142
560 142
560 142
560 142
561 142
561 142
561 142
561 142
561 142
561 142
561 142
561 142
562 142
562 142
562 142
562 142
562 142
562 142
562 142
562 142
563 142
563 142
563 142
563 142
563 142
563 142
563 142
563 142
564 142
564 142
564 142
564 142
564 142
564 142
564 142
564 142
565 142
565 142
565 142
565 142
565 142
565 142
565 142
565 142
566 142
566 142
566 142
566 142
566 142
566 142
566 142
566 142
567 142
567 142
567 142
567 142
567 142
567 142
567 142
567 142
568 142
568 142
568 142
568 142
568 142
568 142
568 142
568 142
569 142
569 142
569 142
569 142
569 142
569 142
569 142
569 142
570 142
570 142
570 142
570 142
570 142
570 142
570 142
570 142
571 142
571 142
571 142
571 142
571 142
571 142
571 142
571 142
572 142
572 142
572 142
572 142
572 142
572 142
572 142
572 142
573 142
573 142
573 142
573 142
573 142
573 142
573 142
573 142
574 142
574 142
574 142
574 142
574 142
574 142
574 142
574 142
575 142
575 142
575 142
575 142
575 142
575 142
575 142
575 142
576 142
576 142
576 142
576 142
576 142
576 142
576 142
576 142
577 142
577 142
577 142
577 142
577 142
577 142
577 142
577 142
578 142
578 142
578 142
578 142
578 142
578 142
578 142
578 142
579 142
579 142
579 142
579 142
579 142
579 142
579 142
579 142
580 142
580 142
580 142
580 142
580 142
580 142
580 142
580 142
581 142
581 142
581 142
581 142
581 142
581 142
581 142
581 142
582 142
582 142
582 142
582 142
582 142
582 142
582 142
582 142
583 142
583 142
583 142
583 142
583 142
583 142
583 142
583 142
584 142
584 142
584 142
584 142
584 142
584 142
584 142
584 142
585 142
585 142
585 142
585 142
585 142
585 142
585 142
585 142
586 142
586 142
586 142
586 142
586 142
586 142
586 142
586 142
587 142
587 142
587 142
587 142
587 142
587 142
587 142
587 142
588 142
588 142
588 142
588 142
588 142
588 142
588 142
588 142
589 142
589 142
589 142
589 142
589 142
589 142
589 142
589 142
589 143
589 143
589 143
589 143
589 143
589 143
589 143
589 143
590 143
590 143
590 143
590 143
590 143
590 143
590 143
590 143
591 143
591 143
591 143
591 143
591 143
591 143
591 143
591 143
592 143
592 143
592 143
592 143
592 143
592 143
592 143
592 143
593 143
593 143
593 143
593 143
593 143
593 143
593 143
593 143
594 143
594 143
594 143
594 143
594 143
594 143
594 143
594 143
595 143
595 143
595 143
595 143
595 143
595 143
595 143
595 143
595 144
595 144
595 144
595 144
595 144
595 144
595 144
595 144
596 144
596 144
596 144
596 144
596 144
596 144
596 144
596 144
597 144
597 144
597 144
597 144
597 144
597 144
597 144
597 144
598 144
598 144
598 144
598 144
598 144
598 144
598 144
598 144
599 144
599 144
599 144
599 144
599 144
599 144
599 144
599 144
600 144
600 144
600 144
600 144
600 144
600 144
600 144
600 144
601 144
601 144
601 144
601 144
601 144
601 144
601 144
601 144
602 144
602 144
602 144
602 144
602 144
602 144
602 144
602 144
602 145
602 145
602 145
602 145
602 145
602 145
602 145
602 145
603 145
603 145
603 145
603 145
603 145
603 145
603 145
603 145
604 145
604 145
604 145
604 145
604 145
604 145
604 145
604 145
605 145
605 145
605 145
605 145
605 145
605 145
605 145
605 145
606 145
606 145
606 145
606 145
606 145
606 145
606 145
606 145
607 145
607 145
607 145
607 145
607 145
607 145
607 145
607 145
608 145
608 145
608 145
608 145
608 145
608 145
608 145
608 145
609 145
609 145
609 145
609 145
609 145
609 145
609 145
609 145
610 145
610 145
610 145
610 145
610 145
610 145
610 145
610 145
611 145
611 145
611 145
611 145
611 145
611 145
611 145
611 145
612 145
612 145
612 145
612 145
612 145
612 145
612 145
612 145
613 145
613 145
613 145
613 145
613 145
613 145
613 145
613 145
614 145
614 145
614 145
614 145
614 145
614 145
614 145
614 145
615 145
615 145
615 145
615 145
615 145
615 145
615 145
615 145
615 146
615 146
615 146
615 146
615 146
615 146
615 146
615 146
616 146
616 146
616 146
616 146
616 146
616 146
616 146
616 146
617 146
617 146
617 146
617 146
617 146
617 146
617 146
617 146
618 146
618 146
618 146
618 146
618 146
618 146
618 146
618 146
619 146
619 146
619 146
619 146
619 146
619 146
619 146
619 146
620 146
620 146
620 146
620 146
620 146
620 146
620 146
620 146
621 146
621 146
621 146
621 146
621 146
621 146
621 146
621 146
622 146
622 146
622 146
622 146
622 146
622 146
622 146
622 146
623 146
623 146
623 146
623 146
623 146
623 146
623 146
623 146
624 146
624 146
624 146
624 146
624 146
624 146
624 146
624 146
625 146
625 146
625 146
625 146
625 146
625 146
625 146
625 146
626 146
626 146
626 146
626 146
626 146
626 146
626 146
626 146
627 146
627 146
627 146
627 146
627 146
627 146
627 146
627 146
628 146
628 146
628 146
628 146
628 146
628 146
628 146
628 146
629 146
629 146
629 146
629 146
629 146
629 146
629 146
629 146
629 147
629 147
629 147
629 147
629 147
629 147
629 147
629 147
630 147
630 147
630 147
630 147
630 147
630 147
630 147
630 147
631 147
631 147
631 147
631 147
631 147
631 147
631 147
631 147
632 147
632 147
632 147
632 147
632 147
632 147
632 147
632 147
633 147
633 147
633 147
633 147
633 147
633 147
633 147
633 147
634 147
634 147
634 147
634 147
634 147
634 147
634 147
634 147
635 147
635 147
635 147
635 147
635 147
635 147
635 147
635 147
636 147
636 147
636 147
636 147
636 147
636 147
636 147
636 147
637 147
637 147
637 147
637 147
637 147
637 147
637 147
637 147
638 147
638 147
638 147
638 147
638 147
638 147
638 147
638 147
639 147
639 147
639 147
639 147
639 147
639 147
639 147
639 147
640 147
640 147
640 147
640 147
640 147
640 147
640 147
640 147
641 147
641 147
641 147
641 147
641 147
641 147
641 147
641 147
642 147
642 147
642 147
642 147
642 147
642 147
642 147
642 147
643 147
643 147
643 147
643 147
643 147
643 147
643 147
643 147
644 147
644 147
644 147
644 147
644 147
644 147
644 147
644 147
645 147
645 147
645 147
645 147
645 147
645 147
645 147
645 147
646 147
646 147
646 147
646 147
646 147
646 147
646 147
646 147
647 147
647 147
647 147
647 147
647 147
647 147
647 147
647 147
648 147
648 147
648 147
648 147
648 147
648 147
648 147
648 147
649 147
649 147
649 147
649 147
649 147
649 147
649 147
649 147
650 147
650 147
650 147
650 147
650 147
650 147
650 147
650 147
651 147
651 147
651 147
651 147
651 147
651 147
651 147
651 147
652 147
652 147
652 147
652 147
652 147
652 147
652 147
652 147
653 147
653 147
653 147
653 147
653 147
653 147
653 147
653 147
654 147
654 147
654 147
654 147
654 147
654 147
654 147
654 147
655 147
655 147
655 147
655 147
655 147
655 147
655 147
655 147
655 148
655 148
655 148
655 148
655 148
655 148
655 148
655 148
656 148
656 148
656 148
656 148
656 148
656 148
656 148
656 148
657 148
657 148
657 148
657 148
657 148
657 148
657 148
657 148
658 148
658 148
658 148
658 148
658 148
658 148
658 148
658 148
659 148
659 148
659 148
659 148
659 148
659 148
659 148
659 148
660 148
660 148
660 148
660 148
660 148
660 148
660 148
660 148
661 148
661 148
661 148
661 148
661 148
661 148
661 148
661 148
662 148
662 148
662 148
662 148
662 148
662 148
662 148
662 148
663 148
663 148
663 148
663 148
663 148
663 148
663 148
663 148
664 148
664 148
664 148
664 148
664 148
664 148
664 148
664 148
665 148
665 148
665 148
665 148
665 148
665 148
665 148
665 148
665 149
665 149
665 149
665 149
665 149
665 149
665 149
665 149
665 150
665 150
665 150
665 150
665 150
665 150
665 150
665 150
666 150
666 150
666 150
666 150
666 150
666 150
666 150
666 150
666 151
666 151
666 151
666 151
666 151
666 151
666 151
666 151
667 151
667 151
667 151
667 151
667 151
667 151
667 151
667 151
668 151
668 151
668 151
668 151
668 151
668 151
668 151
668 151
669 151
669 151
669 151
669 151
669 151
669 151
669 151
669 151
670 151
670 151
670 151
670 151
670 151
670 151
670 151
670 151
671 151
671 151
671 151
671 151
671 151
671 151
671 151
671 151
672 151
672 151
672 151
672 151
672 151
672 151
672 151
672 151
673 151
673 151
673 151
673 151
673 151
673 151
673 151
673 151
673 152
673 152
673 152
673 152
673 152
673 152
673 152
673 152
674 152
674 152
674 152
674 152
674 152
674 152
674 152
674 152
675 152
675 152
675 152
675 152
675 152
675 152
675 152
675 152
676 152
676 152
676 152
676 152
676 152
676 152
676 152
676 152
677 152
677 152
677 152
677 152
677 152
677 152
677 152
677 152
678 152
678 152
678 152
678 152
678 152
678 152
678 152
678 152
679 152
679 152
679 152
679 152
679 152
679 152
679 152
679 152
680 152
680 152
680 152
680 152
680 152
680 152
680 152
680 152
681 152
681 152
681 152
681 152
681 152
681 152
681 152
681 152
681 153
681 153
681 153
681 153
681 153
681 153
681 153
681 153
682 153
682 153
682 153
682 153
682 153
682 153
682 153
682 153
683 153
683 153
683 153
683 153
683 153
683 153
683 153
683 153
684 153
684 153
684 153
684 153
684 153
684 153
684 153
684 153
685 153
685 153
685 153
685 153
685 153
685 153
685 153
685 153
686 153
686 153
686 153
686 153
686 153
686 153
686 153
686 153
687 153
687 153
687 153
687 153
687 153
687 153
687 153
687 153
688 153
688 153
688 153
688 153
688 153
688 153
688 153
688 153
689 153
689 153
689 153
689 153
689 153
689 153
689 153
689 153
690 153
690 153
690 153
690 153
690 153
690 153
690 153
690 153
691 153
691 153
691 153
691 153
691 153
691 153
691 153
691 153
692 153
692 153
692 153
692 153
692 153
692 153
692 153
692 153
693 153
693 153
693 153
693 153
693 153
693 153
693 153
693 153
694 153
694 153
694 153
694 153
694 153
694 153
694 153
694 153
695 153
695 153
695 153
695 153
695 153
695 153
695 153
695 153
696 153
696 153
696 153
696 153
696 153
696 153
696 153
696 153
697 153
697 153
697 153
697 153
697 153
697 153
697 153
697 153
698 153
698 153
698 153
698 153
698 153
698 153
698 153
698 153
699 153
699 153
699 153
699 153
699 153
699 153
699 153
699 153
700 153
700 153
700 153
700 153
700 153
700 153
700 153
700 153
701 153
701 153
701 153
701 153
701 153
701 153
701 153
701 153
702 153
702 153
702 153
702 153
702 153
702 153
702 153
702 153
703 153
703 153
703 153
703 153
703 153
703 153
703 153
703 153
703 154
703 154
703 154
703 154
703 154
703 154
703 154
703 154
704 154
704 154
704 154
704 154
704 154
704 154
704 154
704 154
705 154
705 154
705 154
705 154
705 154
705 154
705 154
705 154
706 154
706 154
706 154
706 154
706 154
706 154
706 154
706 154
707 154
707 154
707 154
707 154
707 154
707 154
707 154
707 154
708 154
708 154
708 154
708 154
708 154
708 154
708 154
708 154
709 154
709 154
709 154
709 154
709 154
709 154
709 154
709 154
710 154
710 154
710 154
710 154
710 154
710 154
710 154
710 154
711 154
711 154
711 154
711 154
711 154
711 154
711 154
711 154
712 154
712 154
712 154
712 154
712 154
712 154
712 154
712 154
713 154
713 154
713 154
713 154
713 154
713 154
713 154
713 154
714 154
714 154
714 154
714 154
714 154
714 154
714 154
714 154
715 154
715 154
715 154
715 154
715 154
715 154
715 154
715 154
716 154
716 154
716 154
716 154
716 154
716 154
716 154
716 154
717 154
717 154
717 154
717 154
717 154
717 154
717 154
717 154
718 154
718 154
718 154
718 154
718 154
718 154
718 154
718 154
719 154
719 154
719 154
719 154
719 154
719 154
719 154
719 154
719 155
719 155
719 155
719 155
719 155
719 155
719 155
719 155
720 155
720 155
720 155
720 155
720 155
720 155
720 155
720 155
721 155
721 155
721 155
721 155
721 155
721 155
721 155
721 155
722 155
722 155
722 155
722 155
722 155
722 155
722 155
722 155
723 155
723 155
723 155
723 155
723 155
723 155
723 155
723 155
724 155
724 155
724 155
724 155
724 155
724 155
724 155
724 155
725 155
725 155
725 155
725 155
725 155
725 155
725 155
725 155
726 155
726 155
726 155
726 155
726 155
726 155
726 155
726 155
727 155
727 155
727 155
727 155
727 155
727 155
727 155
727 155
728 155
728 155
728 155
728 155
728 155
728 155
728 155
728 155
729 155
729 155
729 155
729 155
729 155
729 155
729 155
729 155
730 155
730 155
730 155
730 155
730 155
730 155
730 155
730 155
731 155
731 155
731 155
731 155
731 155
731 155
731 155
731 155
732 155
732 155
732 155
732 155
732 155
732 155
732 155
732 155
733 155
733 155
733 155
733 155
733 155
733 155
733 155
733 155
734 155
734 155
734 155
734 155
734 155
734 155
734 155
734 155
735 155
735 155
735 155
735 155
735 155
735 155
735 155
735 155
736 155
736 155
736 155
736 155
736 155
736 155
736 155
736 155
737 155
737 155
737 155
737 155
737 155
737 155
737 155
737 155
737 156
737 156
737 156
737 156
737 156
737 156
737 156
737 156
738 156
738 156
738 156
738 156
738 156
738 156
738 156
738 156
739 156
739 156
739 156
739 156
739 156
739 156
739 156
739 156
740 156
740 156
740 156
740 156
740 156
740 156
740 156
740 156
740 157
740 157
740 157
740 157
740 157
740 157
740 157
740 157
741 157
741 157
741 157
741 157
741 157
741 157
741 157
741 157
742 157
742 157
742 157
742 157
742 157
742 157
742 157
742 157
743 157
743 157
743 157
743 157
743 157
743 157
743 157
743 157
743 158
743 158
743 158
743 158
743 158
743 158
743 158
743 158
744 158
744 158
744 158
744 158
744 158
744 158
744 158
744 158
745 158
745 158
745 158
745 158
745 158
745 158
745 158
745 158
746 158
746 158
746 158
746 158
746 158
746 158
746 158
746 158
747 158
747 158
747 158
747 158
747 158
747 158
747 158
747 158
748 158
748 158
748 158
748 158
748 158
748 158
748 158
748 158
748 159
748 159
748 159
748 159
748 159
748 159
748 159
748 159
749 159
749 159
749 159
749 159
749 159
749 159
749 159
749 159
750 159
750 159
750 159
750 159
750 159
750 159
750 159
750 159
750 160
750 160
750 160
750 160
750 160
750 160
750 160
750 160
750 161
750 161
750 161
750 161
750 161
750 161
750 161
750 161
750 162
750 162
750 162
750 162
750 162
750 162
750 162
750 162
751 162
751 162
751 162
751 162
751 162
751 162
751 162
751 162
752 162
752 162
752 162
752 162
752 162
752 162
752 162
752 162
753 162
753 162
753 162
753 162
753 162
753 162
753 162
753 162
753 163
753 163
753 163
753 163
753 163
753 163
753 163
753 163
754 163
754 163
754 163
754 163
754 163
754 163
754 163
754 163
755 163
755 163
755 163
755 163
755 163
755 163
755 163
755 163
756 163
756 163
756 163
756 163
756 163
756 163
756 163
756 163
757 163
757 163
757 163
757 163
757 163
757 163
757 163
757 163
757 164
757 164
757 164
757 164
757 164
757 164
757 164
757 164
758 164
758 164
758 164
758 164
758 164
758 164
758 164
758 164
759 164
759 164
759 164
759 164
759 164
759 164
759 164
759 164
760 164
760 164
760 164
760 164
760 164
760 164
760 164
760 164
761 164
761 164
761 164
761 164
761 164
761 164
761 164
761 164
762 164
762 164
762 164
762 164
762 164
762 164
762 164
762 164
763 164
763 164
763 164
763 164
763 164
763 164
763 164
763 164
763 165
763 165
763 165
763 165
763 165
763 165
763 165
763 165
763 166
763 166
763 166
763 166
763 166
763 166
763 166
763 166
764 166
764 166
764 166
764 166
764 166
764 166
764 166
764 166
765 166
765 166
765 166
765 166
765 166
765 166
765 166
765 166
766 166
766 166
766 166
766 166
766 166
766 166
766 166
766 166
766 167
766 167
766 167
766 167
766 167
766 167
766 167
766 167
767 167
767 167
767 167
767 167
767 167
767 167
767 167
767 167
768 167
768 167
768 167
768 167
768 167
768 167
768 167
768 167
769 167
769 167
769 167
769 167
769 167
769 167
769 167
769 167
770 167
770 167
770 167
770 167
770 167
770 167
770 167
770 167
771 167
771 167
771 167
771 167
771 167
771 167
771 167
771 167
772 167
772 167
772 167
772 167
772 167
772 167
772 167
772 167
773 167
773 167
773 167
773 167
773 167
773 167
773 167
773 167
774 167
774 167
774 167
774 167
774 167
774 167
774 167
774 167
774 168
774 168
774 168
774 168
774 168
774 168
774 168
774 168
775 168
775 168
775 168
775 168
775 168
775 168
775 168
775 168
775 169
775 169
775 169
775 169
775 169
775 169
775 169
775 169
776 169
776 169
776 169
776 169
776 169
776 169
776 169
776 169
776 170
776 170
776 170
776 170
776 170
776 170
776 170
776 170
777 170
777 170
777 170
777 170
777 170
777 170
777 170
777 170
778 170
778 170
778 170
778 170
778 170
778 170
778 170
778 170
779 170
779 170
779 170
779 170
779 170
779 170
779 170
779 170
780 170
780 170
780 170
780 170
780 170
780 170
780 170
780 170
781 170
781 170
781 170
781 170
781 170
781 170
781 170
781 170
782 170
782 170
782 170
782 170
782 170
782 170
782 170
782 170
783 170
783 170
783 170
783 170
783 170
783 170
783 170
783 170
784 170
784 170
784 170
784 170
784 170
784 170
784 170
784 170
785 170
785 170
785 170
785 170
785 170
785 170
785 170
785 170
785 171
785 171
785 171
785 171
785 171
785 171
785 171
785 171
786 171
786 171
786 171
786 171
786 171
786 171
786 171
786 171
787 171
787 171
787 171
787 171
787 171
787 171
787 171
787 171
787 172
787 172
787 172
787 172
787 172
787 172
787 172
787 172
787 173
787 173
787 173
787 173
787 173
787 173
787 173
787 173
788 173
788 173
788 173
788 173
788 173
788 173
788 173
788 173
789 173
789 173
789 173
789 173
789 173
789 173
789 173
789 173
790 173
790 173
790 173
790 173
790 173
790 173
790 173
790 173
791 173
791 173
791 173
791 173
791 173
791 173
791 173
791 173
792 173
792 173
792 173
792 173
792 173
792 173
792 173
792 173
792 174
792 174
792 174
792 174
792 174
792 174
792 174
792 174
793 174
793 174
793 174
793 174
793 174
793 174
793 174
793 174
794 174
794 174
794 174
794 174
794 174
794 174
794 174
794 174
795 174
795 174
795 174
795 174
795 174
795 174
795 174
795 174
796 174
796 174
796 174
796 174
796 174
796 174
796 174
796 174
797 174
797 174
797 174
797 174
797 174
797 174
797 174
797 174
797 175
797 175
797 175
797 175
797 175
797 175
797 175
797 175
798 175
798 175
798 175
798 175
798 175
798 175
798 175
798 175
799 175
799 175
799 175
799 175
799 175
799 175
799 175
799 175
800 175
800 175
800 175
800 175
800 175
800 175
800 175
800 175
801 175
801 175
801 175
801 175
801 175
801 175
801 175
801 175
802 175
802 175
802 175
802 175
802 175
802 175
802 175
802 175
803 175
803 175
803 175
803 175
803 175
803 175
803 175
803 175
803 176
803 176
803 176
803 176
803 176
803 176
803 176
803 176
804 176
804 176
804 176
804 176
804 176
804 176
804 176
804 176
804 177
804 177
804 177
804 177
804 177
804 177
804 177
804 177
805 177
805 177
805 177
805 177
805 177
805 177
805 177
805 177
806 177
806 177
806 177
806 177
806 177
806 177
806 177
806 177
807 177
807 177
807 177
807 177
807 177
807 177
807 177
807 177
807 178
807 178
807 178
807 178
807 178
807 178
807 178
807 178
808 178
808 178
808 178
808 178
808 178
808 178
808 178
808 178
809 178
809 178
809 178
809 178
809 178
809 178
809 178
809 178
810 178
810 178
810 178
810 178
810 178
810 178
810 178
810 178
811 178
811 178
811 178
811 178
811 178
811 178
811 178
811 178
812 178
812 178
812 178
812 178
812 178
812 178
812 178
812 178
813 178
813 178
813 178
813 178
813 178
813 178
813 178
813 178
814 178
814 178
814 178
814 178
814 178
814 178
814 178
814 178
815 178
815 178
815 178
815 178
815 178
815 178
815 178
815 178
816 178
816 178
816 178
816 178
816 178
816 178
816 178
816 178
817 178
817 178
817 178
817 178
817 178
817 178
817 178
817 178
818 178
818 178
818 178
818 178
818 178
818 178
818 178
818 178
819 178
819 178
819 178
819 178
819 178
819 178
819 178
819 178
820 178
820 178
820 178
820 178
820 178
820 178
820 178
820 178
821 178
821 178
821 178
821 178
821 178
821 178
821 178
821 178
821 179
821 179
